2.244000
1.404000
3.528000
3.735000
3.150000
2.436000
0.693000
2.010000
3.024000
0.249000
0.450000
2.268000
0.684000
0.804000
3.105000
2.952000
1.701000
1.701000
2.520000
2.295000
0.192000
2.211000
1.584000
0.840000
2.805000
1.350000
1.218000
2.136000
1.830000
2.520000
2.262000
0.720000
2.520000
0.201000
-0.249000
2.670000
0.612000
2.277000
2.844000
2.442000
0.558000
2.376000
1.056000
1.512000
0.864000
2.574000
0.990000
2.196000
0.711000
2.607000
0.972000
1.830000
0.444000
0.693000
0.639000
2.574000
1.824000
2.046000
3.465000
0.684000
0.702000
1.950000
1.593000
3.312000
2.130000
0.228000
1.392000
1.350000
1.944000
1.890000
2.232000
1.785000
0.870000
1.998000
0.990000
-0.534000
1.152000
2.190000
3.240000
1.458000
2.211000
1.617000
1.176000
3.060000
0.000000
2.040000
0.486000
0.549000
0.522000
1.110000
2.100000
2.214000
1.593000
1.386000
0.852000
1.176000
2.040000
1.896000
2.214000
2.772000
